1.4 3.0 3.0 3.0
0 124 78 50 128 84 53 120 75 42 123 75 40 130 78 42 116 77 52 118 74 43 120 73 36 221 136 68 218 138 75 206 122 53 209 136 78 204 136 86 212 144 90 205 132 70 203 134 79 126 68 16 123 72 30 112 68 26 122 68 18 110 59 15 191 121 68 168 109 73 132 73 40 34 17 5 47 24 2 110 52 3 132 56 2 98 40 4 163 97 56 118 55 17 129 50 0 83 45 8 150 78 8 177 83 4 100 39 5 51 9 0 152 96 57 178 97 36 159 70 1 179 100 32 198 106 26 168 81 7 132 61 7 120 67 30 167 116 79 184 127 87 146 68 16 186 108 23 193 114 39 203 117 45 187 122 64 158 108 62 148 95 50 194 129 66 136 72 29 119 66 8 107 54 0 116 64 16 126 89 58 104 70 41 106 69 37 143 95 47 111 66 29
90 119 66 8 186 108 23 179 100 32 83 45 8 34 17 5 126 68 16 221 136 68 124 78 50 107 54 0 193 114 39 198 106 26 150 78 8 47 24 2 123 72 30 218 138 75 128 84 53 116 64 16 203 117 45 168 81 7 177 83 4 110 52 3 112 68 26 206 122 53 120 75 42 126 89 58 187 122 64 132 61 7 100 39 5 132 56 2 122 68 18 209 136 78 123 75 40 104 70 41 158 108 62 120 67 30 51 9 0 98 40 4 110 59 15 204 136 86 130 78 42 106 69 37 148 95 50 167 116 79 152 96 57 163 97 56 191 121 68 212 144 90 116 77 52 143 95 47 194 129 66 184 127 87 178 97 36 118 55 17 168 109 73 205 132 70 118 74 43 111 66 29 136 72 29 146 68 16 159 70 1 129 50 0 132 73 40 203 134 79 120 73 36
180 111 66 29 143 95 47 106 69 37 104 70 41 126 89 58 116 64 16 107 54 0 119 66 8 136 72 29 194 129 66 148 95 50 158 108 62 187 122 64 203 117 45 193 114 39 186 108 23 146 68 16 184 127 87 167 116 79 120 67 30 132 61 7 168 81 7 198 106 26 179 100 32 159 70 1 178 97 36 152 96 57 51 9 0 100 39 5 177 83 4 150 78 8 83 45 8 129 50 0 118 55 17 163 97 56 98 40 4 132 56 2 110 52 3 47 24 2 34 17 5 132 73 40 168 109 73 191 121 68 110 59 15 122 68 18 112 68 26 123 72 30 126 68 16 203 134 79 205 132 70 212 144 90 204 136 86 209 136 78 206 122 53 218 138 75 221 136 68 120 73 36 118 74 43 116 77 52 130 78 42 123 75 40 120 75 42 128 84 53 124 78 50
270 120 73 36 203 134 79 132 73 40 129 50 0 159 70 1 146 68 16 136 72 29 111 66 29 118 74 43 205 132 70 168 109 73 118 55 17 178 97 36 184 127 87 194 129 66 143 95 47 116 77 52 212 144 90 191 121 68 163 97 56 152 96 57 167 116 79 148 95 50 106 69 37 130 78 42 204 136 86 110 59 15 98 40 4 51 9 0 120 67 30 158 108 62 104 70 41 123 75 40 209 136 78 122 68 18 132 56 2 100 39 5 132 61 7 187 122 64 126 89 58 120 75 42 206 122 53 112 68 26 110 52 3 177 83 4 168 81 7 203 117 45 116 64 16 128 84 53 218 138 75 123 72 30 47 24 2 150 78 8 198 106 26 193 114 39 107 54 0 124 78 50 221 136 68 126 68 16 34 17 5 83 45 8 179 100 32 186 108 23 119 66 8
0 206 203 197 213 210 204 199 197 191 175 172 166 149 146 141 128 126 120 119 116 111 123 120 115 211 207 202 128 125 120 95 94 89 82 80 76 66 64 60 71 69 65 143 141 135 198 195 189 128 126 121 77 76 71 75 74 69 80 79 74 66 64 61 74 73 69 88 87 82 100 98 92 81 79 75 66 65 61 64 63 59 64 63 59 62 61 57 68 67 62 71 70 66 77 75 71 81 79 74 75 73 69 53 52 48 26 25 22 58 57 53 65 64 60 65 64 60 71 69 66 59 58 54 55 54 50 39 38 36 14 13 11 36 35 32 54 53 49 56 55 51 52 51 48 25 24 22 23 22 20 24 23 21 26 25 23 28 27 25 29 28 26 26 25 24 25 24 22 31 30 28 30 29 27 29 28 26 29 28 26 29 28 26 26 25 23 24 23 21 28 27 25
90 31 30 28 25 24 22 59 58 54 81 79 74 81 79 75 128 126 121 211 207 202 206 203 197 30 29 27 23 22 20 55 54 50 75 73 69 66 65 61 77 76 71 128 125 120 213 210 204 29 28 26 24 23 21 39 38 36 53 52 48 64 63 59 75 74 69 95 94 89 199 197 191 29 28 26 26 25 23 14 13 11 26 25 22 64 63 59 80 79 74 82 80 76 175 172 166 29 28 26 28 27 25 36 35 32 58 57 53 62 61 57 66 64 61 66 64 60 149 146 141 26 25 23 29 28 26 54 53 49 65 64 60 68 67 62 74 73 69 71 69 65 128 126 120 24 23 21 26 25 24 56 55 51 65 64 60 71 70 66 88 87 82 143 141 135 119 116 111 28 27 25 25 24 22 52 51 48 71 69 66 77 75 71 100 98 92 198 195 189 123 120 115
180 28 27 25 24 23 21 26 25 23 29 28 26 29 28 26 29 28 26 30 29 27 31 30 28 25 24 22 26 25 24 29 28 26 28 27 25 26 25 23 24 23 21 23 22 20 25 24 22 52 51 48 56 55 51 54 53 49 36 35 32 14 13 11 39 38 36 55 54 50 59 58 54 71 69 66 65 64 60 65 64 60 58 57 53 26 25 22 53 52 48 75 73 69 81 79 74 77 75 71 71 70 66 68 67 62 62 61 57 64 63 59 64 63 59 66 65 61 81 79 75 100 98 92 88 87 82 74 73 69 66 64 61 80 79 74 75 74 69 77 76 71 128 126 121 198 195 189 143 141 135 71 69 65 66 64 60 82 80 76 95 94 89 128 125 120 211 207 202 123 120 115 119 116 111 128 126 120 149 146 141 175 172 166 199 197 191 213 210 204 206 203 197
270 123 120 115 198 195 189 100 98 92 77 75 71 71 69 66 52 51 48 25 24 22 28 27 25 119 116 111 143 141 135 88 87 82 71 70 66 65 64 60 56 55 51 26 25 24 24 23 21 128 126 120 71 69 65 74 73 69 68 67 62 65 64 60 54 53 49 29 28 26 26 25 23 149 146 141 66 64 60 66 64 61 62 61 57 58 57 53 36 35 32 28 27 25 29 28 26 175 172 166 82 80 76 80 79 74 64 63 59 26 25 22 14 13 11 26 25 23 29 28 26 199 197 191 95 94 89 75 74 69 64 63 59 53 52 48 39 38 36 24 23 21 29 28 26 213 210 204 128 125 120 77 76 71 66 65 61 75 73 69 55 54 50 23 22 20 30 29 27 206 203 197 211 207 202 128 126 121 81 79 75 81 79 74 59 58 54 25 24 22 31 30 28
0 57 57 57 51 51 51 71 71 71 52 52 52 68 68 68 86 86 86 82 82 82 78 78 78 89 89 89 50 50 50 38 38 38 59 59 59 66 66 66 113 113 113 108 108 108 79 79 79 57 57 57 64 64 64 63 63 63 68 68 68 88 88 88 94 94 94 113 113 113 85 85 85 33 33 33 61 61 61 105 105 105 114 114 114 115 115 115 103 103 103 100 100 100 75 75 75 20 20 20 44 44 44 86 86 86 94 94 94 96 96 96 105 105 105 76 76 76 58 58 58 16 16 16 58 58 58 69 69 69 90 90 90 92 92 92 75 75 75 70 70 70 60 60 60 13 13 13 43 43 43 49 49 49 79 79 79 92 92 92 74 74 74 55 55 55 57 57 57 8 8 8 32 32 32 67 67 67 95 95 95 102 102 102 96 96 96 64 64 64 38 38 38
90 8 8 8 13 13 13 16 16 16 20 20 20 33 33 33 57 57 57 89 89 89 57 57 57 32 32 32 43 43 43 58 58 58 44 44 44 61 61 61 64 64 64 50 50 50 51 51 51 67 67 67 49 49 49 69 69 69 86 86 86 105 105 105 63 63 63 38 38 38 71 71 71 95 95 95 79 79 79 90 90 90 94 94 94 114 114 114 68 68 68 59 59 59 52 52 52 102 102 102 92 92 92 92 92 92 96 96 96 115 115 115 88 88 88 66 66 66 68 68 68 96 96 96 74 74 74 75 75 75 105 105 105 103 103 103 94 94 94 113 113 113 86 86 86 64 64 64 55 55 55 70 70 70 76 76 76 100 100 100 113 113 113 108 108 108 82 82 82 38 38 38 57 57 57 60 60 60 58 58 58 75 75 75 85 85 85 79 79 79 78 78 78
